-1.55610376104 -1.40279428106 0.648841059091 -1.61538243582 1.31631844791 -1.48898765859 2.58863771202 -0.956796434444 0.511984142681 2.15131320022 
2.04253266522 -2.05891495227 0.429980591158 1.16309920787 -3.40550397745 1.07096092132 -1.54428039313 3.22080408938 0.183739973865 -1.90873073875 
-2.21201346394 2.77976387552 -1.4004900697 0.490809557635 1.98396814184 -0.802419351112 0.093157867968 -0.663914036392 1.52435100573 0.431467028172 
0.1662974034 0.43387393803 -0.14491100731 -1.15782439436 3.25138191984 0.479207855306 1.52103862928 -1.24447117704 -0.941532746366 0.608578741418 
-0.829574698336 1.38039313932 -0.355835636193 -0.774096384282 -1.08470590346 0.428941007843 0.55850676752 -0.492692333504 -1.2826166796 1.95481384886 
-0.945864111173 -0.414391848092 -0.851800367681 -0.674097722419 2.66444858323 -0.0764898276272 0.04575808276 -0.578402570032 2.50095290725 -0.333167552548 
0.111961551743 1.29862834566 -1.23552508128 0.954790249021 -1.40759803787 -0.604272110569 -1.34173546397 0.979649929352 -1.25748769719 -1.10535855274 
2.18325566901 -1.4436397412 1.48681409812 0.656040235876 -0.752484056645 0.552723042068 -1.35613018938 -0.55625884514 0.533071702136 -0.856957589178 
1.49103488556 -1.05220284775 1.48881602436 0.903626147307 -0.390874274073 0.388528132757 -0.563414785357 -0.629087638108 -0.551488090892 -0.599328560794 
0.914416502254 -1.55050315682 -0.00166232436256 0.762295527467 -0.96650683589 0.694668306431 -0.550159962157 -0.635527835055 -0.649458016472 -0.769774454164 
